111111111111111111111111111111111111111111
100000000000000000000000000000000000000001
100220020000022202220020000020200220222001
100222002022220022022220000202022220200001
100222202022202000200222220200022002222201
100220002022220002002220020002220200020201
102002220220202002002000000022022002222201
102022220202022020202222000222220020002001
102022220220222220222202202022202220200001
102022222222002002222200020202202200022201
102000020020202002222202002020220022002001
100200022000022000220200220220020222002201
102220020220022222022022222020020202022201
100202000022220000022022020222200002202201
100020222222022000202202222020200200222201
100022022022002020020200200202220222200201
100022022202200200222000200202002022200001
100202020022202222022022000020022200022201
102202200000222022202200220202020200022201
102202222022222222220202200220202222002001
100000000000000000000000000000000000000001
100000000000000000040000000000000000000001
100000000000000000000000000000000000000001
100000000000000000000000000000000000000001
100000000000000000000300000000000000000001
100000000000000000000000000000000000000001
